0 179b862f-313e-4831-bb53-b72ef7b0c4ea 0
1 179b862f-313e-4831-bb53-b72ef7b0c4ea 0 1 0
2 179b862f-313e-4831-bb53-b72ef7b0c4ea 0
3 179b862f-313e-4831-bb53-b72ef7b0c4ea 0 1 0 1 0 1 0
4 179b862f-313e-4831-bb53-b72ef7b0c4ea 0 1 0 1 0
5 179b862f-313e-4831-bb53-b72ef7b0c4ea 0 1 0 1 0
6 179b862f-313e-4831-bb53-b72ef7b0c4ea 0
7 179b862f-313e-4831-bb53-b72ef7b0c4ea 0 2 0 2 0
8 6f69ba22-e0d2-4087-8a26-5444c296fa9c 0 1 0 2 0
9 179b862f-313e-4831-bb53-b72ef7b0c4ea
10 179b862f-313e-4831-bb53-b72ef7b0c4ea 1 0
11 179b862f-313e-4831-bb53-b72ef7b0c4ea 1 0
12 179b862f-313e-4831-bb53-b72ef7b0c4ea 2 0
13 179b862f-313e-4831-bb53-b72ef7b0c4ea
14 179b862f-313e-4831-bb53-b72ef7b0c4ea 1 0 2 0 2 0
15 179b862f-313e-4831-bb53-b72ef7b0c4ea 2 0